24
X.laevis_cmtr1.L_capspecific_mRNA_nucleoside2__Omethyltransferase 0.0000000 0.0700540 0.2854774 0.3163680 0.2645876 0.3102593 0.3077789 0.3121175 0.4564800 0.4808072 0.4458022 0.4518642 4.9916965 5.4653486 4.7080536 4.2760274 4.3971172 4.1510712 4.4881442 4.1508187 6.0925766 5.5517822 5.3159477 3.6023917 
X.laevis_cmtr1.S_capspecific_mRNA_nucleoside2__Omethyltransferase 0.0700540 0.0000000 0.3095126 0.3318724 0.2889656 0.3279575 0.3234846 0.3265441 0.4668593 0.4666747 0.4589424 0.4677874 4.9719568 5.4466467 4.5851089 4.1916443 4.3253524 4.0874505 4.3840830 4.0817627 5.9146495 5.3124890 5.1303834 3.5130808 
G.gallus_CMTR1_capspecific_mRNA_nucleoside2__Omethyltransferase_1 0.2854774 0.3095126 0.0000000 0.1972105 0.1180739 0.1873701 0.1861562 0.1883323 0.3670390 0.3823521 0.3771727 0.3723957 5.0583314 5.6341542 4.3493884 4.1268262 4.1555321 3.9072287 4.3891571 3.9509374 5.9059472 5.3614044 5.4961307 3.7240964 
S.townsendi_CMTR1_capspecific_mRNA_nucleoside2__Omethyltransferas 0.3163680 0.3318724 0.1972105 0.0000000 0.1717584 0.2431737 0.2347189 0.2463660 0.4121218 0.4313923 0.4194929 0.4242383 5.2720302 5.7589004 4.6421458 4.3177131 4.3249412 4.1082348 4.5771044 4.0714435 6.0303976 5.6678158 5.7197508 4.0474977 
C.mydas_CMTR1_capspecific_mRNA_nucleoside2__Omethyltransferase_1_ 0.2645876 0.2889656 0.1180739 0.1717584 0.0000000 0.1692120 0.1631912 0.1711972 0.3471843 0.3788681 0.3635328 0.3650033 5.0058235 5.5108937 4.3656814 4.0744458 4.1175413 3.8927337 4.4297427 3.8905829 5.6780827 5.4229451 5.2239786 3.6863903 
E.caballus_CMTR1_capspecific_mRNA_nucleoside2__Omethyltransferase 0.3102593 0.3279575 0.1873701 0.2431737 0.1692120 0.0000000 0.0208326 0.0334595 0.3721982 0.4348382 0.3985923 0.4178901 5.1651039 5.4226727 4.3945812 4.0431639 4.1016968 3.9032889 4.4618823 3.9342783 5.8893314 5.4510158 5.2786577 3.7550759 
F.catus_CMTR1_capspecific_mRNA_nucleoside2__Omethyltransferase_1_ 0.3077789 0.3234846 0.1861562 0.2347189 0.1631912 0.0208326 0.0000000 0.0246305 0.3629855 0.4311281 0.3915973 0.4118157 5.1513818 5.4529739 4.3629567 4.0479370 4.0881064 3.8731013 4.4022406 3.9037301 5.8811393 5.4793647 5.2135068 3.7314568 
H.sapiens_CMTR1_capspecific_mRNA_nucleoside2__Omethyltransferase_ 0.3121175 0.3265441 0.1883323 0.2463660 0.1711972 0.0334595 0.0246305 0.0000000 0.3686945 0.4350820 0.3950141 0.4089181 5.2564293 5.4760738 4.4900664 4.0517574 4.1220277 3.9162482 4.4993653 4.0037350 5.8981854 5.5262427 5.3272819 3.7525486 
C.carcharias_cmtr1_capspecific_mRNA_nucleoside2__Omethyltransfera 0.4564800 0.4668593 0.3670390 0.4121218 0.3471843 0.3721982 0.3629855 0.3686945 0.0000000 0.4111607 0.3529429 0.3688513 5.9124575 6.6516728 5.1599526 4.7460263 4.6968570 4.4522599 5.2250195 4.7666915 6.1705385 5.6481496 5.6409779 3.9022301 
G.aculeatus_cmtr1_capspecific_mRNA_nucleoside2__Omethyltransferas 0.4808072 0.4666747 0.3823521 0.4313923 0.3788681 0.4348382 0.4311281 0.4350820 0.4111607 0.0000000 0.2771866 0.2445904 5.3051394 5.6152641 4.6759665 4.2557105 4.2155379 4.0600647 4.7668127 4.2853616 5.9860266 5.6385424 5.6604044 4.0198092 
D.rerio_cmtr1_capspecific_mRNA_nucleoside2__Omethyltransferase_1  0.4458022 0.4589424 0.3771727 0.4194929 0.3635328 0.3985923 0.3915973 0.3950141 0.3529429 0.2771866 0.0000000 0.2412567 5.1654763 5.6596681 4.6013414 4.1617360 4.1556204 3.9954195 4.6393855 4.1736176 5.7868473 5.3774758 5.0093407 3.7767845 
S.salar_cmtr1_capspecific_mRNA_nucleoside2__Omethyltransferase_1_ 0.4518642 0.4677874 0.3723957 0.4242383 0.3650033 0.4178901 0.4118157 0.4089181 0.3688513 0.2445904 0.2412567 0.0000000 5.1541407 5.5041006 4.5672742 4.1688841 4.0711455 3.9640368 4.5344754 4.1492324 5.8326194 5.5543338 5.1880647 3.9610331 
C.carcharias_cmtr2_capspecific_mRNA_nucleoside2__Omethyltransfera 4.9916965 4.9719568 5.0583314 5.2720302 5.0058235 5.1651039 5.1513818 5.2564293 5.9124575 5.3051394 5.1654763 5.1541407 0.0000000 1.2399752 1.0340011 1.0464806 1.0559104 1.0448147 0.9007947 0.9995057 1.2797190 1.2997362 1.2642523 0.9843235 
X.laevis_cmtr2.L_capspecific_mRNA_nucleoside2__Omethyltransferase 5.4653486 5.4466467 5.6341542 5.7589004 5.5108937 5.4226727 5.4529739 5.4760738 6.6516728 5.6152641 5.6596681 5.5041006 1.2399752 0.0000000 0.9648989 0.9618475 0.9495339 0.9651092 0.8452450 0.9580901 1.3835032 1.4126398 1.3519977 0.9747194 
S.townsendi_CMTR2_capspecific_mRNA_nucleoside2__Omethyltransferas 4.7080536 4.5851089 4.3493884 4.6421458 4.3656814 4.3945812 4.3629567 4.4900664 5.1599526 4.6759665 4.6013414 4.5672742 1.0340011 0.9648989 0.0000000 0.5370532 0.5190147 0.5228538 0.4037286 0.4530326 1.2679183 1.1974144 1.1162792 0.8062240 
E.caballus_CMTR2_capspecific_mRNA_nucleoside2__Omethyltransferase 4.2760274 4.1916443 4.1268262 4.3177131 4.0744458 4.0431639 4.0479370 4.0517574 4.7460263 4.2557105 4.1617360 4.1688841 1.0464806 0.9618475 0.5370532 0.0000000 0.1099894 0.1314718 0.4173336 0.4934962 1.3000661 1.2373035 1.1936405 0.8174875 
F.catus_CMTR2_capspecific_mRNA_nucleoside2__Omethyltransferase_2  4.3971172 4.3253524 4.1555321 4.3249412 4.1175413 4.1016968 4.0881064 4.1220277 4.6968570 4.2155379 4.1556204 4.0711455 1.0559104 0.9495339 0.5190147 0.1099894 0.0000000 0.1256843 0.3848673 0.4730718 1.3035491 1.2707440 1.2162655 0.8265472 
H.sapiens_CMTR2_capspecific_mRNA_nucleoside2__Omethyltransferase_ 4.1510712 4.0874505 3.9072287 4.1082348 3.8927337 3.9032889 3.8731013 3.9162482 4.4522599 4.0600647 3.9954195 3.9640368 1.0448147 0.9651092 0.5228538 0.1314718 0.1256843 0.0000000 0.3928357 0.4914417 1.3164431 1.2757107 1.1933171 0.8438481 
C.mydas_CMTR2_capspecific_mRNA_nucleoside2__Omethyltransferase_2_ 4.4881442 4.3840830 4.3891571 4.5771044 4.4297427 4.4618823 4.4022406 4.4993653 5.2250195 4.7668127 4.6393855 4.5344754 0.9007947 0.8452450 0.4037286 0.4173336 0.3848673 0.3928357 0.0000000 0.2996713 1.2022363 1.2231162 1.1159211 0.8137125 
G.gallus_CMTR2_capspecific_mRNA_nucleoside2__Omethyltransferase_2 4.1508187 4.0817627 3.9509374 4.0714435 3.8905829 3.9342783 3.9037301 4.0037350 4.7666915 4.2853616 4.1736176 4.1492324 0.9995057 0.9580901 0.4530326 0.4934962 0.4730718 0.4914417 0.2996713 0.0000000 1.2561990 1.2180755 1.0864438 0.8089985 
D.rerio_cmtr2_capspecific_mRNA_nucleoside2__Omethyltransferase_2  6.0925766 5.9146495 5.9059472 6.0303976 5.6780827 5.8893314 5.8811393 5.8981854 6.1705385 5.9860266 5.7868473 5.8326194 1.2797190 1.3835032 1.2679183 1.3000661 1.3035491 1.3164431 1.2022363 1.2561990 0.0000000 0.9625277 0.8663168 0.6421207 
G.aculeatus_cmtr2_capspecific_mRNA_nucleoside2__Omethyltransferas 5.5517822 5.3124890 5.3614044 5.6678158 5.4229451 5.4510158 5.4793647 5.5262427 5.6481496 5.6385424 5.3774758 5.5543338 1.2997362 1.4126398 1.1974144 1.2373035 1.2707440 1.2757107 1.2231162 1.2180755 0.9625277 0.0000000 0.5140706 0.4382328 
S.salar_cmtr2_capspecific_mRNA_nucleoside2__Omethyltransferase_2_ 5.3159477 5.1303834 5.4961307 5.7197508 5.2239786 5.2786577 5.2135068 5.3272819 5.6409779 5.6604044 5.0093407 5.1880647 1.2642523 1.3519977 1.1162792 1.1936405 1.2162655 1.1933171 1.1159211 1.0864438 0.8663168 0.5140706 0.0000000 0.1220667 
S.salar_LOC106587360_LOW_QUALITY_PROTEIN_capspecific_mRNA_nucleos 3.6023917 3.5130808 3.7240964 4.0474977 3.6863903 3.7550759 3.7314568 3.7525486 3.9022301 4.0198092 3.7767845 3.9610331 0.9843235 0.9747194 0.8062240 0.8174875 0.8265472 0.8438481 0.8137125 0.8089985 0.6421207 0.4382328 0.1220667 0.0000000 
